.Random.seed <-
c(403L, 10L, -2117017000L, -2012955898L, -1455565087L, -582827405L, 
904063714L, 599889492L, -2132238505L, -2097343667L, 1554798308L, 
754865866L, 1100191541L, -40821361L, -1337468266L, 1693889088L, 
196096771L, 1208361761L, -1129266160L, -128064530L, -48245863L, 
-1855247317L, 188242202L, 1086282716L, 367697375L, -1786050123L, 
-1016608948L, -1401176670L, -1902957315L, -287100425L, 1266237214L, 
-397729320L, -1188734149L, -758731559L, 747987048L, -478919274L, 
-462537455L, -1274835261L, -60010798L, -1881843868L, -1082422617L, 
-1329572867L, -1448974860L, 1275962074L, 744952869L, 412260671L, 
-1828577594L, 4911952L, 1434323827L, 1095114129L, -1993474112L, 
-981870178L, 943702889L, -181758053L, -1427620182L, 1445828812L, 
-1343886961L, 202284485L, 1298841980L, -1015393838L, -559551155L, 
-1527820281L, 1636057070L, -320829752L, -1812989493L, -889131991L, 
-1336821128L, 1265477542L, -1346686527L, 509044307L, 1246309634L, 
-780870604L, -1498677833L, 988385709L, 1603777220L, 653207274L, 
-700577451L, -151019793L, -1375544074L, 328649760L, -1796977181L, 
344370817L, -738883344L, -673183858L, -382945031L, 2053055115L, 
1998922426L, -383676996L, 1630648063L, 149305941L, -457015956L, 
1698952642L, 407254557L, -1373163881L, -1222563842L, 642495416L, 
-1850855525L, 1397290489L, 126580040L, -135856010L, -1260065359L, 
-1684220957L, -692678478L, -381649660L, 1968348743L, 326658333L, 
-1589614700L, 1807084346L, 22312837L, -1585961889L, 250130150L, 
1661556080L, 1116380819L, 1308354353L, 427253216L, 344525438L, 
-2068866807L, -2022294725L, -1612410102L, -585975060L, -343394449L, 
833976485L, 775713372L, 1941340722L, -2131384019L, -1707790361L, 
1775097614L, 1293420776L, -190899477L, 1711551369L, -544911592L, 
626700870L, -89754975L, 30143795L, 1362037922L, -1835605100L, 
-1336673769L, 857570829L, -1266099420L, -1518516470L, -1176188299L, 
-148719153L, -908066090L, 1011181184L, -1695979325L, -625621407L, 
191766224L, 210077742L, 1669610969L, -414490133L, 1079632986L, 
1121607196L, -1246990561L, 2035762037L, 1773726220L, 2050255842L, 
370907325L, 187631415L, -1694183458L, 163544344L, -939929477L, 
-288733671L, 749224L, -321512362L, 478984401L, 1102210179L, -1083439342L, 
360784548L, 459009639L, -853450819L, -646229708L, -2030513510L, 
-35286811L, 111972991L, -1290183674L, -1217777776L, -1574350285L, 
-816297519L, 1354963840L, 1143592542L, -1615098455L, -1728045989L, 
-1318812566L, 1446640908L, -457138353L, 1190583301L, -616971588L, 
1328157586L, -1216065395L, -2097748281L, -1125322834L, 1231493640L, 
-512795125L, 1162237673L, 1559081400L, -1153970586L, 1504054017L, 
-1372693101L, 93222466L, -992630284L, 1994953719L, -7084051L, 
-504135548L, 1990678186L, 1974209557L, -1697203025L, 349729462L, 
2112303328L, -1352500189L, -846167231L, 1332219440L, 1043967054L, 
-263330631L, -1719770933L, -1698099846L, 965038204L, 2054157503L, 
-868646507L, -1471968852L, 271489922L, 1766629725L, 745840727L, 
40515390L, 757940088L, -788917157L, -202988615L, -1983749624L, 
39422134L, -988991503L, 1186453416L, -968610932L, 1906419388L, 
-819623054L, -1467885328L, 1632122948L, 1841765720L, -248130502L, 
-184867984L, 1090454588L, -1180644588L, -1466619454L, 1444782304L, 
280418172L, -750149936L, 563889826L, 687178792L, -170866420L, 
1410184124L, -1568948942L, -1635016768L, 765334068L, -760030264L, 
-810728262L, 1976242064L, -1800112660L, 1145487444L, -326582638L, 
-406881504L, -1505743412L, 2057591776L, -51379518L, -1020913112L, 
-885088596L, 1361834684L, -587607566L, 1138772272L, -1022948188L, 
682558136L, -46404774L, 53513616L, 1306243452L, -1636004588L, 
2046470466L, 1902674688L, 2001411004L, -2110702768L, 277709090L, 
1670503752L, -1608058868L, -1035782052L, -489904942L, 886720512L, 
1522006868L, 614801896L, 1189877754L, -691104048L, -1865161428L, 
1438222580L, -1174091886L, -1469875104L, -567083764L, 343754464L, 
-1356702366L, 223003304L, 644012620L, 1778726780L, 631434034L, 
-1703887248L, -1348321980L, 592870360L, 540921978L, -2085050832L, 
1856965308L, 1187997524L, -88548798L, 254913440L, 186419388L, 
2101092816L, 467912034L, 1818874856L, -1226737716L, 1094203132L, 
1006030834L, -1917395840L, -597370636L, -82250616L, 650929466L, 
1140638544L, 1001196652L, -520666988L, -1727293102L, 96517856L, 
215838924L, 247330976L, 1666562434L, -1907312408L, -2082637588L, 
1851799612L, -2038955918L, 758311024L, -264027612L, -592182728L, 
1625688602L, 1001091280L, 1071543868L, -1234121580L, -522890110L, 
-2137290816L, 1305226556L, -401924464L, 549991458L, -1489694712L, 
396958860L, 1701412892L, -493779822L, 1477782656L, -543382508L, 
1356456744L, 1107080250L, -2144391984L, 1232933996L, 1542796980L, 
-535838702L, -1080819744L, 190573516L, 2006851040L, 704007202L, 
333124904L, 1311602956L, 1277447740L, 648004850L, -23848720L, 
-1017800892L, 1914196056L, 1690001978L, 371853552L, -184999236L, 
84527636L, -997978942L, 1481971296L, 970646908L, 1569563856L, 
-2034822110L, -1219204952L, 1759681932L, -2100624964L, -413087694L, 
-1658760384L, 121282228L, 869142856L, 450597562L, -1064640752L, 
660594924L, -550553516L, 1443710738L, 1406681504L, 91924428L, 
1066508128L, -1985737534L, -285618648L, -89822804L, -1997987012L, 
930988914L, 832900912L, 172068L, -1474077128L, -1592380710L, 
639907728L, -967944964L, 965733780L, 479429442L, 1670121984L, 
-1469167556L, 207037008L, -1111088990L, -1268522168L, 2007742988L, 
233954012L, -889081774L, 91229312L, 1351665492L, 437919720L, 
113881850L, 1482467152L, 500220972L, 1763543412L, -1743237486L, 
1914323552L, 1919922316L, 1501221216L, 85653730L, -386011992L, 
-1242646836L, -1486947844L, -1630704718L, -111819792L, -1032142396L, 
-988742312L, -1022512774L, 322122160L, 1334487484L, -226763180L, 
-1454097982L, -395795680L, 1325863868L, 1959342160L, -532538398L, 
-1436074136L, 187152204L, 37351164L, -74733838L, 64494848L, 2077678708L, 
-2073244152L, -1466686022L, 635102672L, 1837885420L, -1325388908L, 
416843986L, -1894599584L, 785739084L, 365482784L, -1183905150L, 
1204113896L, 1175215084L, 2076855868L, 1185745913L, 273617550L, 
1276281692L, 1902940109L, -1834545353L, -1718194752L, 1171378846L, 
984222571L, -1215941907L, -1352751270L, -692159464L, 812493185L, 
1719074611L, -804121260L, -1867530398L, -2010778633L, 1751546945L, 
509360326L, 2017854980L, 2111951285L, -878121313L, -552321288L, 
-2027576618L, 573929315L, 1152241445L, 1249526978L, 348524976L, 
1714727385L, -58833077L, 963726780L, 103865834L, 910125599L, 
-1775992663L, 1566140478L, 1506887980L, 573563773L, 1073527239L, 
376388784L, 2016672462L, 1526050811L, 386545757L, -1327956086L, 
-1445941336L, -1784330991L, 1918647299L, -743393532L, -759710926L, 
-652281465L, 502898641L, 1045844310L, -272724172L, 1444950597L, 
1328979599L, -643606520L, 1280961574L, -380181293L, -1998264779L, 
1229348242L, 1782030688L, 1703655625L, -2018763781L, 1070177228L, 
1195169370L, 650033999L, 1802285593L, -833073106L, 1190600252L, 
-1880550483L, -440656809L, 1810520480L, 1757020926L, -23293493L, 
-159393843L, -1797612806L, 549126456L, 2036722401L, 466296211L, 
-333232716L, 479663810L, -602769705L, 1503098657L, 2147020518L, 
1743628260L, -528148715L, -454881473L, 206973656L, -417755402L, 
-2061391613L, 234879557L, -1188398494L, -956622384L, 833406713L, 
1832948779L, -833858660L, 1958022090L, -626244417L, -29170167L, 
381529886L, 174413516L, 1386002077L, 1169359655L, 488123728L, 
-712682514L, -695018341L, 92550909L, -1639006742L, -49066360L, 
398161969L, -99433821L, -921630044L, -66364590L, -196857177L, 
-1579806991L, -439689674L, 156680916L, 474846821L, 1270826095L, 
153960104L, 2013830150L, -896390861L, -640535147L, -1823532558L, 
1427265088L, 690911145L, -234063333L, -623619092L, 252228602L, 
-714850257L, 1720283193L, -1878523314L, 1384432284L, -977025011L, 
-2128817033L, 86541440L, 1066390238L, -339115605L, 525613741L, 
1493933850L, 694992856L, 2005535809L, 1996061427L, -1359266540L, 
